0 17905.490333919155
1 13331.077328646748
2 10779.718804920914
3 10513.235500878734
4 10594.69244288225
5 10538.254833040422
6 10562.108963093146
7 10634.84007029877
8 10697.096660808436
9 11628.03690685413
10 9904.050966608085
11 9987.834797891037
12 9951.760984182776
13 10275.263620386644
14 10032.056239015817
15 9989.58172231986
16 9816.19332161687
17 9818.52021089631
18 9850.521968365554
19 9845.28646748682
20 9791.755711775044
21 9877.28646748682
22 9875.54130052724
23 9926.161687170474
24 9869.140597539543
25 9844.121265377857
26 9795.829525483305
27 9822.01230228471
28 9820.84885764499
29 9791.173989455185
