0 18255011160233
1 18255011532683
2 18255011550229
3 18255011566451
4 18255011582674
5 18255011598896
6 18255011615780
7 18255011632996
8 18255011650211
9 18255011667758
10 18255011685635
11 18255011706492
12 18255011725363
13 18255011743903
14 18255011763105
15 18255011782306
16 18255011801839
17 18255011823028
18 18255011843223
19 18255011869708
20 18255011890896
21 18255011911753
22 18255011933604
23 18255011954792
24 18255011977635
25 18255011999817
26 18255012023985
27 18255012047159
28 18255012070665
29 18255012094171
30 18255012120987
31 18255012139858
32 18255012163032
33 18255012178592
34 18255012193821
35 18255012209050
36 18255012224611
37 18255012239840
38 18255012255069
39 18255012271953
40 18255012287513
41 18255012303073
42 18255012318633
43 18255012334193
44 18255012349753
45 18255012365645
46 18255012380874
47 18255012406366
48 18255012430203
49 18255012445763
50 18255012461985
51 18255012477876
52 18255012493436
53 18255012509658
54 18255012525881
55 18255012542103
56 18255012557994
57 18255012573885
58 18255012590107
59 18255012607323
60 18255012623545
61 18255012639767
62 18255012655990
63 18255012671881
64 18255012688103
65 18255012703994
66 18255012720547
67 18255012736770
68 18255012752992
69 18255012769214
70 18255012785767
71 18255012802321
72 18255012818874
73 18255012835427
74 18255012852312
75 18255012868865
76 18255012885749
77 18255012904620
78 18255012921504
79 18255012938058
80 18255012954611
81 18255012971495
82 18255012988049
83 18255013004933
84 18255013021817
85 18255013039033
86 18255013055917
87 18255013073133
88 18255013090017
89 18255013108557
90 18255013126434
91 18255013143981
92 18255013161196
93 18255013178743
94 18255013195627
95 18255013212842
96 18255013230389
97 18255013251908
98 18255013270448
99 18255013287332
100 18255013304548
101 18255013321432
102 18255013341296
103 18255013356194
104 18255013371423
105 18255013386652
106 18255013402212
107 18255013424725
108 18255013447899
109 18255013463459
110 18255013478688
111 18255013494580
112 18255013508484
113 18255013522389
114 18255013536625
115 18255013550530
116 18255013564766
117 18255013580988
118 18255013595224
119 18255013609460
120 18255013624026
121 18255013638262
122 18255013652829
123 18255013667396
124 18255013681632
125 18255013696199
126 18255013710766
127 18255013725333
128 18255013740231
129 18255013755129
130 18255013769695
131 18255013784262
132 18255013799160
133 18255013814058
134 18255013834253
135 18255013849482
136 18255013864380
137 18255013878947
138 18255013893845
139 18255013908743
140 18255013923972
141 18255013938870
142 18255013953768
143 18255013971315
144 18255013999124
145 18255014012698
146 18255014025941
147 18255014039514
148 18255014052757
149 18255014065999
150 18255014079573
151 18255014092816
152 18255014106721
153 18255014119963
154 18255014133537
155 18255014147111
156 18255014160684
157 18255014173927
158 18255014187501
159 18255014201074
160 18255014214979
161 18255014228553
162 18255014242458
163 18255014256362
164 18255014270267
165 18255014284172
166 18255014298077
167 18255014311982
168 18255014325886
169 18255014339791
170 18255014353696
171 18255014367601
172 18255014381505
173 18255014395741
174 18255014410308
175 18255014432158
176 18255014453678
177 18255014468245
178 18255014482812
179 18255014497047
180 18255014511283
181 18255014525850
182 18255014540086
183 18255014554653
184 18255014569220
185 18255014583456
186 18255014598023
187 18255014614576
188 18255014637750
189 18255014652979
190 18255014668540
191 18255014683769
192 18255014698998
193 18255014714227
194 18255014736739
195 18255014756934
196 18255014771832
197 18255014786399
198 18255014801297
199 18255014824803
200 18255014839370
201 18255014855261
202 18255014869828
203 18255014884395
204 18255014898961
205 18255014913528
206 18255014928426
207 18255014942993
208 18255014957891
209 18255014972458
210 18255014987356
211 18255015002254
212 18255015016821
213 18255015033374
214 18255015049596
215 18255015066481
216 18255015081379
217 18255015096277
218 18255015111175
219 18255015125742
220 18255015140640
221 18255015155207
222 18255015170105
223 18255015185002
224 18255015199900
225 18255015214798
226 18255015229696
227 18255015244594
228 18255015259161
229 18255015274059
230 18255015288957
231 18255015303855
232 18255015319084
233 18255015338286
234 18255015352853
235 18255015367089
236 18255015381656
237 18255015395892
238 18255015420721
239 18255015435619
240 18255015450186
241 18255015465084
242 18255015480313
243 18255015495542
244 18255015510440
245 18255015525338
246 18255015547520
247 18255015565728
248 18255015579633
249 18255015593207
250 18255015606781
251 18255015620685
252 18255015634259
253 18255015648164
254 18255015662069
255 18255015675642
256 18255015689547
257 18255015703452
258 18255015717357
259 18255015731261
260 18255015745497
261 18255015759733
262 18255015773638
263 18255015787874
264 18255015801778
265 18255015815683
266 18255015828926
267 18255015842168
268 18255015855411
269 18255015868323
270 18255015881234
271 18255015894146
272 18255015907388
273 18255015920300
274 18255015933543
275 18255015946454
276 18255015959697
277 18255015972608
278 18255015985851
279 18255015998763
280 18255016012005
281 18255016025248
282 18255016038491
283 18255016051733
284 18255016064976
285 18255016078218
286 18255016091792
287 18255016105035
288 18255016118609
289 18255016132182
290 18255016145756
291 18255016159330
292 18255016172903
293 18255016186477
294 18255016200382
295 18255016213956
296 18255016227860
297 18255016241765
298 18255016255339
299 18255016269244
300 18255016283810
301 18255016305330
302 18255016328173
303 18255016342078
304 18255016355983
305 18255016369888
306 18255016384123
307 18255016398028
308 18255016412926
309 18255016434777
310 18255016456627
311 18255016470863
312 18255016485099
313 18255016507280
314 18255016529792
315 18255016544028
316 18255016558595
317 18255016573162
318 18255016587729
319 18255016601965
320 18255016616863
321 18255016631761
322 18255016646328
323 18255016660895
324 18255016675793
325 18255016690691
326 18255016705257
327 18255016719824
328 18255016734722
329 18255016749620
330 18255016764518
331 18255016779085
332 18255016794314
333 18255016809212
334 18255016824441
335 18255016839339
336 18255016854568
337 18255016869466
338 18255016884695
339 18255016899924
340 18255016915153
341 18255016930051
342 18255016945611
343 18255016960840
344 18255016976069
345 18255016991629
346 18255017006859
347 18255017022419
348 18255017037979
349 18255017053539
350 18255017069099
351 18255017084659
352 18255017100219
353 18255017116110
354 18255017131670
355 18255017147562
356 18255017163453
357 18255017179013
358 18255017194904
359 18255017210464
360 18255017226686
361 18255017242577
362 18255017258469
363 18255017274360
364 18255017290582
365 18255017306804
366 18255017323027
367 18255017338918
368 18255017355140
369 18255017371362
370 18255017387584
371 18255017403807
372 18255017420360
373 18255017436913
374 18255017453467
375 18255017469689
376 18255017486242
377 18255017502795
378 18255017519349
379 18255017535902
380 18255017552455
381 18255017569009
382 18255017585893
383 18255017602446
384 18255017619000
385 18255017635884
386 18255017652437
387 18255017669653
388 18255017686537
389 18255017703421
390 18255017720306
391 18255017737190
392 18255017754074
393 18255017771290
394 18255017788505
395 18255017805390
396 18255017822605
397 18255017839821
398 18255017857036
399 18255017874251
400 18255017891467
401 18255017909013
402 18255017926229
403 18255017943444
404 18255017960991
405 18255017979861
406 18255017997408
407 18255018014954
408 18255018032501
409 18255018050047
410 18255018067925
411 18255018085471
412 18255018103018
413 18255018120896
414 18255018138442
415 18255018156320
416 18255018174197
417 18255018192075
418 18255018209952
419 18255018228161
420 18255018246038
421 18255018263916
422 18255018281131
423 18255018299340
424 18255018317218
425 18255018335095
426 18255018352311
427 18255018369526
428 18255018387073
429 18255018404288
430 18255018421503
431 18255018440705
432 18255018458252
433 18255018475798
434 18255018493345
435 18255018511222
436 18255018529431
437 18255018546977
438 18255018565186
439 18255018583395
440 18255018601272
441 18255018619150
442 18255018637027
443 18255018655236
444 18255018673445
445 18255018692315
446 18255018711186
447 18255018729726
448 18255018748597
449 18255018767136
450 18255018786007
451 18255018804878
452 18255018823749
453 18255018843944
454 18255018863145
455 18255018882016
456 18255018901218
457 18255018920089
458 18255018939291
459 18255018958492
460 18255018978025
461 18255018996896
462 18255019016098
463 18255019035631
464 18255019054833
465 18255019074034
466 18255019093567
467 18255019112769
468 18255019132302
469 18255019151504
470 18255019171037
471 18255019190570
472 18255019210103
473 18255019229635
474 18255019249168
475 18255019268701
476 18255019288234
477 18255019308098
478 18255019327962
479 18255019347495
480 18255019367359
481 18255019387223
482 18255019407087
483 18255019427613
484 18255019447146
485 18255019467341
486 18255019487536
487 18255019507400
488 18255019527595
489 18255019547459
490 18255019567654
491 18255019587849
492 18255019608044
493 18255019628239
494 18255019648765
495 18255019668960
496 18255019689155
497 18255019709681
498 18255019730207
499 18255019750402
500 18255019770928
501 18255019791785
502 18255019812312
503 18255019832838
504 18255019853364
505 18255019874221
506 18255019894747
507 18255019915273
508 18255019936130
509 18255019956987
510 18255019978176
511 18255019998702
512 18255020019890
513 18255020040747
514 18255020061935
515 18255020082792
516 18255020103650
517 18255020124838
518 18255020146026
519 18255020167214
520 18255020188403
521 18255020209591
522 18255020230779
523 18255020251967
524 18255020273486
525 18255020295006
526 18255020316194
527 18255020337713
528 18255020358902
529 18255020380421
530 18255020401940
531 18255020423790
532 18255020445641
533 18255020467160
534 18255020488679
535 18255020510530
536 18255020532049
537 18255020553899
538 18255020575750
539 18255020597600
540 18255020619781
541 18255020641963
542 18255020663482
543 18255020685333
544 18255020707514
545 18255020729695
546 18255020751546
547 18255020773727
548 18255020795909
549 18255020818090
550 18255020840271
551 18255020861460
552 18255020882979
553 18255020904167
554 18255020925686
555 18255020947206
556 18255020968394
557 18255020989913
558 18255021011764
559 18255021033283
560 18255021054802
561 18255021076653
562 18255021098834
563 18255021121015
564 18255021143859
565 18255021166702
566 18255021189546
567 18255021212390
568 18255021235233
569 18255021258077
570 18255021280920
571 18255021303764
572 18255021326607
573 18255021349782
574 18255021372626
575 18255021395800
576 18255021418644
577 18255021442149
578 18255021465655
579 18255021488830
580 18255021511673
581 18255021535179
582 18255021558685
583 18255021582190
584 18255021605696
585 18255021629202
586 18255021652707
587 18255021676213
588 18255021700050
589 18255021723555
590 18255021747061
591 18255021770567
592 18255021794072
593 18255021817909
594 18255021840753
595 18255021863927
596 18255021887764
597 18255021912263
598 18255021936100
599 18255021959274
600 18255021982449
601 18255022005293
602 18255022028467
603 18255022051642
