0 10536.009933774834
1 10380.342715231787
2 10450.503311258279
3 10450.503311258279
4 11517.69701986755
5 10412.134105960266
6 10385.824503311258
7 10387.470198675497
8 10454.887417218542
9 10459.82119205298
10 10459.82119205298
11 10683.455298013245
12 10268.526490066226
13 10455.437086092716
14 10431.319536423842
15 10437.347682119205
16 10409.942052980132
17 10408.844370860927
18 10412.682119205298
19 10382.53642384106
20 10417.615894039734
21 10381.438741721855
22 10406.653973509934
23 10435.703642384105
24 10437.347682119205
25 10443.927152317881
26 10411.038079470198
27 10408.298013245034
28 10937.235099337748
29 10381.438741721855
